seq,name,gc,genome,local_genome,pb_index,reg_index,reg_name,repetitive,tm,top_transcriptome,transcriptome
b'CATGTTGTTCAAGGATAGACAGTAGCTAGCCATGACTCTC',chr8_129945101_129950101_5kb_pb_26,0.45,30.0,24.0,26,0,chromosome 8:130343096-130348096,0.0,75.14505821799622,1.0,3.0
b'AAGTAATTGTAACATGGCTGGTATGACTACACAACTGGAT',chr8_129945101_129950101_5kb_pb_66,0.375,28.0,24.0,66,0,chromosome 8:130343096-130348096,0.0,74.70754207795665,0.0,0.0
b'TTTTTTGTTAAATCGTAAGTCGCATATAAATTGCAACTGT',chr8_129945101_129950101_5kb_pb_132,0.275,25.0,24.0,132,0,chromosome 8:130343096-130348096,0.0,70.61145652762264,0.0,0.0
b'TTTTCAGAGAGCTAGATGTGAATATTAACCAGTACACCAC',chr8_129945101_129950101_5kb_pb_340,0.375,38.0,24.0,340,0,chromosome 8:130343096-130348096,2.0,73.01979683886037,0.0,0.0
b'ATCATGTGACTGAAAAATCAGAAGACCAAGGTTTTAGCTT',chr8_129945101_129950101_5kb_pb_397,0.35,70.0,24.0,397,0,chromosome 8:130343096-130348096,0.0,72.91136640230599,5.0,17.0
b'TGCCAGTAACTAGTAGCATGAATAAGGAAAAGTTGCTTAC',chr8_129945101_129950101_5kb_pb_437,0.375,67.0,24.0,437,0,chromosome 8:130343096-130348096,0.0,73.98113953260281,3.0,13.0
b'TTTTTTTTGTCCACTTTGGCAAAACTACAAGTAGTAAAGC',chr8_129945101_129950101_5kb_pb_477,0.325,53.0,24.0,477,0,chromosome 8:130343096-130348096,1.0,72.58067792109603,0.0,11.0
b'TGAAAATTTCTATTTATTGCATAAAGCTTATCTCAGTCCC',chr8_129945101_129950101_5kb_pb_526,0.3,67.0,24.0,526,0,chromosome 8:130343096-130348096,2.0,70.442107408058,4.0,17.0
b'AGTTTAAAGACAGGAGGTGAGAATATTAGGTTGAACAGAT',chr8_129945101_129950101_5kb_pb_566,0.35,48.0,24.0,566,0,chromosome 8:130343096-130348096,0.0,72.66473909855364,2.0,8.0
b'AAGACTATCATCATGAATTTTGCTTACCTCCCTACATTCC',chr8_129945101_129950101_5kb_pb_610,0.375,40.0,24.0,610,0,chromosome 8:130343096-130348096,2.0,73.7173028718795,2.0,5.0
b'ACTGAAGCAGGGTATTTTCATTAGCCACAACTTTATTATT',chr8_129945101_129950101_5kb_pb_670,0.325,45.0,24.0,670,0,chromosome 8:130343096-130348096,0.0,73.02003288436879,4.0,15.0
b'AAATTATATATATGGCTCTCCAGGTACTTATATTGAATGG',chr8_129945101_129950101_5kb_pb_959,0.3,54.0,24.0,959,0,chromosome 8:130343096-130348096,0.0,70.71583821612319,4.0,15.0
b'TACTGCTATTGACACTCCAAAGACAGGGACAATGTTTCAT',chr8_129945101_129950101_5kb_pb_999,0.4,46.0,24.0,999,0,chromosome 8:130343096-130348096,1.0,75.37394548022445,0.0,6.0
b'TTGTTTTTGTATGTCAAAACTCTATGGTGCCAGGTGCATA',chr8_129945101_129950101_5kb_pb_1039,0.375,42.0,24.0,1039,0,chromosome 8:130343096-130348096,2.0,75.34830500919475,1.0,8.0
b'AGTGCTCACAATAAGTGGTATGAATGAGTGAGTCAATTAT',chr8_129945101_129950101_5kb_pb_1079,0.35,48.0,24.0,1079,0,chromosome 8:130343096-130348096,0.0,72.37958575666113,3.0,6.0
b'CCTTTTAATATTTTGCATGCTGACTTGCACATAGAAGGCA',chr8_129945101_129950101_5kb_pb_1127,0.375,73.0,24.0,1127,0,chromosome 8:130343096-130348096,2.0,74.54226082343081,4.0,20.0
b'GTCAATAAGCATTAGACTTTCAGTTGATCACTGATCTAGA',chr8_129945101_129950101_5kb_pb_1167,0.35,37.0,24.0,1167,0,chromosome 8:130343096-130348096,0.0,70.71958044165308,0.0,7.0
b'TTTCCTTTTGACACTATTTGGGACTTCCAGGTCTTTTGTC',chr8_129945101_129950101_5kb_pb_1247,0.4,53.0,24.0,1247,0,chromosome 8:130343096-130348096,2.0,75.34151515564116,4.0,14.0
b'ATAAGAGTCAAAATCATAAGTTGCTACAGTAGAAACTCAG',chr8_129945101_129950101_5kb_pb_1335,0.325,38.0,24.0,1335,0,chromosome 8:130343096-130348096,0.0,70.08660244234636,0.0,3.0
b'TTTCTTTGCCCTTATTATTCAAGCAAAATATGAACTTTTG',chr8_129945101_129950101_5kb_pb_1378,0.275,68.0,24.0,1378,0,chromosome 8:130343096-130348096,0.0,70.12161537537423,3.0,13.0
b'AGGAACTTACCATTTACCTTTATTACATGGTTCTAACATG',chr8_129945101_129950101_5kb_pb_1418,0.325,46.0,24.0,1418,0,chromosome 8:130343096-130348096,0.0,72.10935867750408,2.0,7.0
b'AAATTTTAATTTGTCTGATAATTAGGCTGCCTCTTACAAA',chr8_129945101_129950101_5kb_pb_1470,0.275,60.0,24.0,1470,0,chromosome 8:130343096-130348096,1.0,70.5583477031019,5.0,18.0
b'TAAGGATAAGATCAACAGAATTCAAGATCAGTATGTTTGC',chr8_129945101_129950101_5kb_pb_1626,0.325,42.0,24.0,1626,0,chromosome 8:130343096-130348096,0.0,70.4748711635093,1.0,5.0
b'ATAAGCGTAGAATAATATTTTTGAGGTAGCAGATTGTTCA',chr8_129945101_129950101_5kb_pb_1666,0.3,60.0,24.0,1666,0,chromosome 8:130343096-130348096,2.0,70.9112641784065,0.0,10.0
b'AGTGAGTTGTTCTTTCAGGGATACTCTAGGATTTGTGTGT',chr8_129945101_129950101_5kb_pb_1706,0.4,34.0,24.0,1706,0,chromosome 8:130343096-130348096,0.0,74.75677448496447,4.0,4.0
b'AAGCTTAGTTTAGTGTGATCTAAAGTAGATCAATGAAAGG',chr8_129945101_129950101_5kb_pb_1788,0.325,50.0,24.0,1788,0,chromosome 8:130343096-130348096,0.0,70.47789654037894,4.0,8.0
b'TAGGATGAAGACTTAAAAAGAGCTGGATAAGTTTAATTGG',chr8_129945101_129950101_5kb_pb_1828,0.325,48.0,24.0,1828,0,chromosome 8:130343096-130348096,0.0,71.40336299123396,0.0,10.0
b'GTGACTTGGTTGCTTTAGAAATCCTTTTGGTGTATTTCCA',chr8_129945101_129950101_5kb_pb_1887,0.375,60.0,24.0,1887,0,chromosome 8:130343096-130348096,2.0,74.53117448122214,3.0,14.0
b'ATGGACAAAGTTCAAACTGGAGCAAGCATCTTTAGAATCT',chr8_129945101_129950101_5kb_pb_1927,0.375,36.0,24.0,1927,0,chromosome 8:130343096-130348096,1.0,74.051086839182,4.0,5.0
b'AAGAAAGAAAGAATCTGATTCTTACCTGCTTCTTGATCTC',chr8_129945101_129950101_5kb_pb_2267,0.35,72.0,24.0,2267,0,chromosome 8:130343096-130348096,0.0,70.86427368145144,3.0,12.0
b'TTGCCACATTCTCTACCTCAGACTCTATGTTTGAACATAC',chr8_129945101_129950101_5kb_pb_2307,0.4,38.0,24.0,2307,0,chromosome 8:130343096-130348096,2.0,73.90532627589795,4.0,5.0
b'TCTTCAAATGCATGTAAAGATTTCAAACTATTTTGTCTGG',chr8_129945101_129950101_5kb_pb_2361,0.3,54.0,24.0,2361,0,chromosome 8:130343096-130348096,2.0,70.15679212495223,2.0,11.0
b'TCATATTCTCCCTGTCCTGGAAGAGCCTTTCCTTTGGTCA',chr8_129945101_129950101_5kb_pb_2401,0.475,57.0,24.0,2401,0,chromosome 8:130343096-130348096,2.0,79.43280781456895,3.0,13.0
b'AGCCTTCTCTGAGATCTTGGATTAGACTCACCTGGAACAT',chr8_129945101_129950101_5kb_pb_2502,0.45,48.0,24.0,2502,0,chromosome 8:130343096-130348096,0.0,76.69726250335515,3.0,5.0
b'ATGTCTATTATAGGTCATCTGTAAGTCACTTTTTTCACAT',chr8_129945101_129950101_5kb_pb_2542,0.3,58.0,24.0,2542,0,chromosome 8:130343096-130348096,0.0,70.05558205985312,4.0,15.0
b'CTATCTTACCAAAAAACTTTGAGTTTCTTGAGAACAGGAG',chr8_129945101_129950101_5kb_pb_2582,0.35,86.0,24.0,2582,0,chromosome 8:130343096-130348096,2.0,71.07983196793919,2.0,13.0
b'CTTTGCCTTTTTCAAATTGCTATCTCTAGAGCAATTGTTC',chr8_129945101_129950101_5kb_pb_2622,0.35,53.0,24.0,2622,0,chromosome 8:130343096-130348096,0.0,71.73112619352571,3.0,8.0
b'CCAAACTGGCTTCACAGTAGAATCACCCAAAGATCTTAAA',chr8_129945101_129950101_5kb_pb_2662,0.4,40.0,24.0,2662,0,chromosome 8:130343096-130348096,0.0,75.07000825082542,2.0,6.0
b'AAAAACTATGCCTGAAACCCACCTGAGACCAGGTAAACCA',chr8_129945101_129950101_5kb_pb_2760,0.45,45.0,24.0,2760,0,chromosome 8:130343096-130348096,2.0,79.46719275011128,3.0,11.0
b'GAATTTGTAGAGGTAGGGCCGAGAAATCAATACTTTCAAG',chr8_129945101_129950101_5kb_pb_2800,0.4,39.0,24.0,2800,0,chromosome 8:130343096-130348096,1.0,74.1770789293331,2.0,6.0
b'TACCCAGAGTGATTTCAATTGCAGCTGGATTAAGAAGCAT',chr8_129945101_129950101_5kb_pb_2840,0.4,34.0,24.0,2840,0,chromosome 8:130343096-130348096,1.0,75.80132811111417,0.0,3.0
b'ATTCATTTATTTGAATTGGATTGAAGACTAACGGGAACTA',chr8_129945101_129950101_5kb_pb_2913,0.3,60.0,24.0,2913,0,chromosome 8:130343096-130348096,2.0,71.21904184284432,5.0,10.0
b'AGTAAATTATAGTGGAAATTTAGAATAAAGCAAGCCATCT',chr8_129945101_129950101_5kb_pb_2954,0.275,68.0,24.0,2954,0,chromosome 8:130343096-130348096,0.0,70.21872849361682,5.0,14.0
b'TTTGCACTAAGATAACTAAAATTCCAGATTTCTGAAATGC',chr8_129945101_129950101_5kb_pb_3020,0.3,95.0,24.0,3020,0,chromosome 8:130343096-130348096,0.0,70.2539611805662,4.0,16.0
b'TATCACCTACATTATAAGCACTGAAATAATAGAACTGAGA',chr8_129945101_129950101_5kb_pb_3071,0.3,71.0,24.0,3071,0,chromosome 8:130343096-130348096,2.0,70.04686801212824,1.0,16.0
b'ATATTTTCATCTGTGAAGTTAAGGCCTAAACATTTTGGTT',chr8_129945101_129950101_5kb_pb_3111,0.3,50.0,24.0,3111,0,chromosome 8:130343096-130348096,0.0,71.81904603784761,5.0,11.0
b'CACAAAACTTATGAGATAGAAAGGCTCTTAATGATTTTCC',chr8_129945101_129950101_5kb_pb_3191,0.325,48.0,24.0,3191,0,chromosome 8:130343096-130348096,0.0,70.3207913900892,1.0,7.0
b'AGGTCTCTTATCTTACAGATGACTTCATAACTTCTTGTAC',chr8_129945101_129950101_5kb_pb_3231,0.35,42.0,24.0,3231,0,chromosome 8:130343096-130348096,0.0,70.8049066549055,1.0,3.0
b'TGCTTCATGGTTTTCAAGGCACTTTCATGACAATCATTTT',chr8_129945101_129950101_5kb_pb_3275,0.35,66.0,24.0,3275,0,chromosome 8:130343096-130348096,2.0,73.75696701756709,1.0,9.0
b'CTAAGGTTTGCAAGAATTATGTGATGGACCAAAGAGCATA',chr8_129945101_129950101_5kb_pb_3365,0.375,43.0,24.0,3365,0,chromosome 8:130343096-130348096,2.0,74.01835671645108,4.0,7.0
b'CAGATAATTATGTCCTGTCTTCCATGTTATTTGTATGTCC',chr8_129945101_129950101_5kb_pb_3405,0.35,58.0,24.0,3405,0,chromosome 8:130343096-130348096,2.0,71.56153133046598,2.0,6.0
b'ATTTTTCATTTTCAGTGTGGATACAGTTGGAGAAGTGATG',chr8_129945101_129950101_5kb_pb_3511,0.35,64.0,24.0,3511,0,chromosome 8:130343096-130348096,2.0,72.05969902619904,5.0,19.0
b'AGTGTTCTCTTCCTTGTCCCTACTCCTCTCCCACTCCATT',chr8_129945101_129950101_5kb_pb_3602,0.5,61.0,24.0,3602,0,chromosome 8:130343096-130348096,1.0,79.9111879875905,5.0,15.0
b'AAATACACTTATCAATACTTATACATGTACTTTGCAGGTG',chr8_129945101_129950101_5kb_pb_3698,0.3,44.0,24.0,3698,0,chromosome 8:130343096-130348096,1.0,70.23573727124847,1.0,6.0
b'ACACATGTACTTATTCTCCTGTGATACAACTCAGAGGAGC',chr8_129945101_129950101_5kb_pb_3738,0.425,34.0,24.0,3738,0,chromosome 8:130343096-130348096,1.0,74.71200401256351,0.0,0.0
b'TTTTATAGACAAGGAATCCAAGGCCTAAGGAAGTGAACTG',chr8_129945101_129950101_5kb_pb_3821,0.4,48.0,24.0,3821,0,chromosome 8:130343096-130348096,1.0,75.27095607239607,4.0,10.0
b'TTAAACACAATCAAACACTAGCTTCTCATAGAGCTGAAGC',chr8_129945101_129950101_5kb_pb_3863,0.375,33.0,24.0,3863,0,chromosome 8:130343096-130348096,2.0,72.80624928695681,2.0,5.0
b'TCTAACTCATGTCCTCTGATCAGAAGTTCGAAGTTCTATC',chr8_129945101_129950101_5kb_pb_3903,0.4,35.0,24.0,3903,0,chromosome 8:130343096-130348096,0.0,72.44157932982262,0.0,2.0
b'TTTTCTCTATTGTTCTATACTGTCTCAAGGAAGAGCGATA',chr8_129945101_129950101_5kb_pb_3943,0.35,52.0,24.0,3943,0,chromosome 8:130343096-130348096,0.0,71.80192403099551,3.0,8.0
b'ATATTTTGGTCAAATACAAGTAGTGGAGCCAAATTGTAGG',chr8_129945101_129950101_5kb_pb_4014,0.35,43.0,24.0,4014,0,chromosome 8:130343096-130348096,0.0,73.48614392518391,1.0,1.0
b'TCTCAGAAGATTTGTAGGATTACATGGGCCATTTAGACAT',chr8_129945101_129950101_5kb_pb_4054,0.375,37.0,24.0,4054,0,chromosome 8:130343096-130348096,0.0,74.41033700457348,1.0,4.0
b'GCATGTAAGTAGAATTATCATTTGGTCCTATGTGATAAAT',chr8_129945101_129950101_5kb_pb_4094,0.3,79.0,24.0,4094,0,chromosome 8:130343096-130348096,0.0,70.21605996897375,4.0,12.0
b'TCATTTTCAAATATTCACTCCCCTCTCCTTGTAGAATGAA',chr8_129945101_129950101_5kb_pb_4141,0.35,87.0,24.0,4141,0,chromosome 8:130343096-130348096,1.0,73.03328489834183,5.0,10.0
b'GGTATTTCCCACTCCACTGATATTGAGCCTGGCTGTTTGA',chr8_129945101_129950101_5kb_pb_4181,0.475,39.0,24.0,4181,0,chromosome 8:130343096-130348096,0.0,79.0667081237508,0.0,11.0
b'TGTTCTAGCCATTAGAATGTTAATCAACTTTTTACACGCC',chr8_129945101_129950101_5kb_pb_4223,0.35,50.0,24.0,4223,0,chromosome 8:130343096-130348096,1.0,73.09261380909322,5.0,13.0
b'GCCTTTTGCCATGAGTGTGGCATGTACCAGATGTGGGCTG',chr8_129945101_129950101_5kb_pb_4308,0.55,45.0,24.0,4308,0,chromosome 8:130343096-130348096,0.0,82.33138445069659,5.0,11.0
b'TTCCTTCACGTAGGACTCCAAAGTGCTAAGACATGTGGAG',chr8_129945101_129950101_5kb_pb_4348,0.475,39.0,24.0,4348,0,chromosome 8:130343096-130348096,0.0,77.80932821923955,0.0,3.0
b'CATGAGCAAGCAGAATTGGAGCAGTTTACTGACACGTAAT',chr8_129945101_129950101_5kb_pb_4388,0.425,31.0,24.0,4388,0,chromosome 8:130343096-130348096,0.0,75.56816208064134,1.0,1.0
b'AACAAACAAAATGGCAAGTTTGTGGCTATAAGCCATTAAA',chr8_129945101_129950101_5kb_pb_4612,0.325,55.0,24.0,4612,0,chromosome 8:130343096-130348096,0.0,74.09339667239163,4.0,20.0
b'GTTGTTAAGCAGAAAAACTGACTTACACAGCCTACTTCTC',chr8_129945101_129950101_5kb_pb_4663,0.4,46.0,24.0,4663,0,chromosome 8:130343096-130348096,1.0,73.48249530456252,5.0,8.0
