seq,name,gc,genome,local_genome,pb_index,reg_index,reg_name,repetitive,tm,top_transcriptome,transcriptome
b'GTAAACATATTATTACATCAGTGTGACATGAGAAATACCC',chr8_129570101_129575101_5kb_pb_0,0.325,52.0,24.0,0,0,chromosome 8:130343096-130348096,0.0,70.40538908249215,4.0,9.0
b'TGTTTTTTGGTGGTTGAGGTTATTAAGGTGTGAGCAGACC',chr8_129570101_129575101_5kb_pb_79,0.425,35.0,24.0,79,0,chromosome 8:130343096-130348096,1.0,77.05853840728577,5.0,6.0
b'CTTCTCTTCTGTCTCTAGGGTCTTCTCCTTAGTAGCTTAT',chr8_129570101_129575101_5kb_pb_133,0.425,45.0,24.0,133,0,chromosome 8:130343096-130348096,1.0,74.18962207955525,4.0,6.0
b'CCATGTCATGTTTTCCACTAATCTTCATGAGGCTTATTTC',chr8_129570101_129575101_5kb_pb_174,0.375,40.0,24.0,174,0,chromosome 8:130343096-130348096,2.0,72.8479554897504,2.0,4.0
b'CTTTCCACAGCTTCATCCATATAGATCTAATTCTTATTTG',chr8_129570101_129575101_5kb_pb_239,0.325,42.0,24.0,239,0,chromosome 8:130343096-130348096,2.0,70.01093482458975,3.0,4.0
b'ACATCTCCACCTGAAGTCCTGCTGACACCTCTAACTCAAT',chr8_129570101_129575101_5kb_pb_279,0.475,56.0,24.0,279,0,chromosome 8:130343096-130348096,0.0,78.13698626922474,3.0,17.0
b'TTGTTCAATGCTGAGCTCATCTTTTTTCTACAAAACCTGT',chr8_129570101_129575101_5kb_pb_319,0.35,70.0,24.0,319,0,chromosome 8:130343096-130348096,0.0,73.07577907649869,3.0,17.0
b'TCACCATCCTGCTCCCTATTTTGTTAACAGCTCCCTGCTG',chr8_129570101_129575101_5kb_pb_359,0.5,39.0,24.0,359,0,chromosome 8:130343096-130348096,0.0,80.31311501538892,3.0,5.0
b'AAGCCAGTGATGCAGGCTCTAGTGCACATTGATAACTTTG',chr8_129570101_129575101_5kb_pb_399,0.45,30.0,24.0,399,0,chromosome 8:130343096-130348096,0.0,77.11093793193288,2.0,3.0
b'TGTTGATTCTATTTCTGTGCTATCACTCCTGCCATTTTCT',chr8_129570101_129575101_5kb_pb_482,0.375,73.0,24.0,482,0,chromosome 8:130343096-130348096,1.0,73.97753783579759,4.0,15.0
b'CTCCTTCCTGCTACTGTTATCCTATTTCAGGACCTCATTT',chr8_129570101_129575101_5kb_pb_522,0.425,40.0,24.0,522,0,chromosome 8:130343096-130348096,0.0,75.84449645486376,0.0,10.0
b'TCTTTCTCTCATGTAGGTAGTGTACTTTTAGCCATAAGAG',chr8_129570101_129575101_5kb_pb_562,0.375,37.0,24.0,562,0,chromosome 8:130343096-130348096,1.0,72.63816109747688,4.0,6.0
b'AGATCTTCAAAATTCTTCTCTTGATGGAGACTTTTCAGGT',chr8_129570101_129575101_5kb_pb_629,0.35,63.0,24.0,629,0,chromosome 8:130343096-130348096,1.0,71.83790934849105,5.0,14.0
b'GGAGGAGGAGGGGGAATTTAGACTGGTGATTCTCAACCTT',chr8_129570101_129575101_5kb_pb_671,0.5,52.0,24.0,671,0,chromosome 8:130343096-130348096,0.0,80.21539907769136,1.0,11.0
b'GGAATTAACCAGAATAACTCTGGAAAACACTCATGCCTTG',chr8_129570101_129575101_5kb_pb_721,0.4,57.0,24.0,721,0,chromosome 8:130343096-130348096,1.0,74.40557279874588,3.0,8.0
b'CTTCTACTCCCAAAGGCTCTAATTTAATTGATCCAGGATG',chr8_129570101_129575101_5kb_pb_761,0.4,53.0,24.0,761,0,chromosome 8:130343096-130348096,0.0,74.22543563244903,3.0,7.0
b'CCACCAAACTAGACCAAGAGAACCCACTTTTCTCCCCTTT',chr8_129570101_129575101_5kb_pb_869,0.475,41.0,24.0,869,0,chromosome 8:130343096-130348096,2.0,79.45398115891487,5.0,9.0
b'CTGGAAAAGTGAAAAAACTTTTGTACCTCAAGACAGGATG',chr8_129570101_129575101_5kb_pb_940,0.375,69.0,24.0,940,0,chromosome 8:130343096-130348096,2.0,72.91243938487014,4.0,16.0
b'AGATGAATATATCAATACAACACAGTAGCTACAGCATCTG',chr8_129570101_129575101_5kb_pb_1086,0.35,51.0,24.0,1086,0,chromosome 8:130343096-130348096,2.0,71.3505844037652,1.0,11.0
b'AATATATAAACCTAGAGGCATAAGAAGATTCCACTCTCTT',chr8_129570101_129575101_5kb_pb_1136,0.325,39.0,24.0,1136,0,chromosome 8:130343096-130348096,1.0,71.49918762250655,2.0,5.0
b'TTCCAATTTTCTCTACCTCAGTCTCAAGCATTATTGCCAA',chr8_129570101_129575101_5kb_pb_1191,0.375,57.0,24.0,1191,0,chromosome 8:130343096-130348096,2.0,74.49107499438253,2.0,7.0
b'TCTCAAAATTTTTCAATACCTCCTCATTACTCACTGGAAA',chr8_129570101_129575101_5kb_pb_1273,0.325,35.0,24.0,1273,0,chromosome 8:130343096-130348096,2.0,71.92097102989487,5.0,8.0
b'ACTGTAACTCTCTTTCATACATTCCTGCCTTCTGGACTTT',chr8_129570101_129575101_5kb_pb_1369,0.4,48.0,24.0,1369,0,chromosome 8:130343096-130348096,2.0,74.95878113793788,0.0,9.0
b'GCTTACACTGTTCTGTATCATTGCCCCCTTCCAATTCCAT',chr8_129570101_129575101_5kb_pb_1409,0.45,43.0,24.0,1409,0,chromosome 8:130343096-130348096,0.0,78.30789917943792,0.0,5.0
b'TATAAAGTTTTGTAATCCTTAAAGATTCTGCTCACTTACC',chr8_129570101_129575101_5kb_pb_1452,0.3,57.0,24.0,1452,0,chromosome 8:130343096-130348096,0.0,70.23309789554384,0.0,4.0
b'ATCTCCTCTGAAGAGCTTTTAGAGAACATTGTAGAAGCAA',chr8_129570101_129575101_5kb_pb_1492,0.375,45.0,24.0,1492,0,chromosome 8:130343096-130348096,0.0,72.9721786413084,2.0,3.0
b'TTTTTCCATCCCCTTAAATAGCACAGTCCTTTTGTTGTCT',chr8_129570101_129575101_5kb_pb_1532,0.375,40.0,24.0,1532,0,chromosome 8:130343096-130348096,1.0,75.52661379269546,0.0,2.0
b'TGAGTACCTGCTGTATGGGCTTTGTGCTAGAGATATACAT',chr8_129570101_129575101_5kb_pb_1660,0.425,52.0,24.0,1660,0,chromosome 8:130343096-130348096,0.0,76.61887980309945,1.0,12.0
b'CAAGGTCCCTGCCCACGATGAGAGACTGAGCAGGATACAA',chr8_129570101_129575101_5kb_pb_1713,0.55,30.0,24.0,1713,0,chromosome 8:130343096-130348096,2.0,81.59612650062081,0.0,2.0
b'AGGTGACACTGTTATTTGTGATTATGTCTGAGAATTGGAG',chr8_129570101_129575101_5kb_pb_1768,0.375,42.0,24.0,1768,0,chromosome 8:130343096-130348096,2.0,72.77003402781736,1.0,3.0
b'GGAAAAAGTAAATGAGCATCAGACTATGAACTTTCATACT',chr8_129570101_129575101_5kb_pb_1808,0.325,39.0,24.0,1808,0,chromosome 8:130343096-130348096,0.0,70.5940255720729,2.0,3.0
b'TGTATCATCTTTCTAAATGAAACAAGCAATTGAACCAATG',chr8_129570101_129575101_5kb_pb_1860,0.3,65.0,24.0,1860,0,chromosome 8:130343096-130348096,2.0,70.18514754437086,4.0,11.0
b'ATGATTATGCCCCTAACTCTAAAGACTTGGTCTTAGAAGT',chr8_129570101_129575101_5kb_pb_1900,0.375,36.0,24.0,1900,0,chromosome 8:130343096-130348096,1.0,74.28460685587498,0.0,4.0
b'AAGTGAGCTAATGAGAAATAAGCCTCTGATTTTGATAGAA',chr8_129570101_129575101_5kb_pb_1940,0.325,69.0,24.0,1940,0,chromosome 8:130343096-130348096,0.0,71.18154240995614,3.0,8.0
b'TAATCTTGGAGAAATGAGACTAGTGAGGATCAGTCTACAG',chr8_129570101_129575101_5kb_pb_1980,0.4,33.0,24.0,1980,0,chromosome 8:130343096-130348096,1.0,72.7644149354553,0.0,1.0
b'ATTCTGATAGTAAGGTTTGGGGGGTGCAGGGGAATCTGAG',chr8_129570101_129575101_5kb_pb_2020,0.5,46.0,24.0,2020,0,chromosome 8:130343096-130348096,2.0,80.90227518726618,3.0,11.0
b'GTTTGGCATTGGTCATAACCAGCTTCTGCAGTCCTCATTT',chr8_129570101_129575101_5kb_pb_2060,0.45,39.0,24.0,2060,0,chromosome 8:130343096-130348096,0.0,77.8329405227309,3.0,8.0
b'TCCTGATTGGATGATCTCTGAAGACTCCACTTGATTTTTT',chr8_129570101_129575101_5kb_pb_2100,0.375,30.0,24.0,2100,0,chromosome 8:130343096-130348096,1.0,73.34703366026093,1.0,2.0
b'GGGTCTTTCCAATAATAAACACTGGTAGTAGGAACCCACT',chr8_129570101_129575101_5kb_pb_2140,0.425,40.0,24.0,2140,0,chromosome 8:130343096-130348096,0.0,77.19358445036369,2.0,4.0
b'AGCAGCCAGGCTGTGAATTGTGTGAAGACACTAATGTCTA',chr8_129570101_129575101_5kb_pb_2180,0.45,47.0,24.0,2180,0,chromosome 8:130343096-130348096,0.0,77.4473302447779,5.0,9.0
b'ATTTGTCACCAGCTACATCCACCATGCAGGAGAATGTCAG',chr8_129570101_129575101_5kb_pb_2220,0.475,33.0,24.0,2220,0,chromosome 8:130343096-130348096,0.0,78.18897924368963,0.0,0.0
b'GACAATGAGGGTCTCCTGGCTTGTGACCAAGGTGGGAAAT',chr8_129570101_129575101_5kb_pb_2260,0.525,33.0,24.0,2260,0,chromosome 8:130343096-130348096,0.0,81.6204329776657,1.0,2.0
b'GCAAAAAGGAAAAGGTACTAATAGTTCTTGCTTTAACCAC',chr8_129570101_129575101_5kb_pb_2304,0.35,49.0,24.0,2304,0,chromosome 8:130343096-130348096,2.0,72.7742626246029,2.0,2.0
b'TAAAAGAAGTAATCAGTTGTGCCCTTTTACTTTTAAAGGC',chr8_129570101_129575101_5kb_pb_2344,0.325,48.0,24.0,2344,0,chromosome 8:130343096-130348096,0.0,72.51142220008018,2.0,10.0
b'TTGATATTGAGCCTTCACTGTAATGAACCCTTGTAGGGGG',chr8_129570101_129575101_5kb_pb_2384,0.45,35.0,24.0,2384,0,chromosome 8:130343096-130348096,0.0,78.30260470900333,3.0,5.0
b'TTTGGAATATCTGGCATCCCTTTAATTCCTCTAGTAATTT',chr8_129570101_129575101_5kb_pb_2424,0.325,46.0,24.0,2424,0,chromosome 8:130343096-130348096,1.0,72.96699053590936,1.0,7.0
b'CAGCTTCCTAAAGTGCCGGTATTAAAGGAGTGAGCCGCCA',chr8_129570101_129575101_5kb_pb_2741,0.525,45.0,24.0,2741,0,chromosome 8:130343096-130348096,0.0,81.91252408468182,3.0,11.0
b'TTTTTAATCACTCAGATTAGATGATAAGTTTCTTGGAGGA',chr8_129570101_129575101_5kb_pb_2801,0.3,46.0,24.0,2801,0,chromosome 8:130343096-130348096,1.0,70.07723569021209,5.0,7.0
b'AAAATCAACTTACCTGGGTATTCCTTAAAAATGCCCACTG',chr8_129570101_129575101_5kb_pb_2841,0.375,73.0,24.0,2841,0,chromosome 8:130343096-130348096,0.0,75.46589422853498,0.0,3.0
b'AAAAAAAATGCCCACTGCAATTCTTAGTACAGAGTAAATA',chr8_129570101_129575101_5kb_pb_3149,0.3,42.0,24.0,3149,0,chromosome 8:130343096-130348096,0.0,71.76361714544589,4.0,8.0
b'CAATAACTATTAGTTTACTAAGGCTGACTTAGTAAAGTGG',chr8_129570101_129575101_5kb_pb_3225,0.325,50.0,24.0,3225,0,chromosome 8:130343096-130348096,1.0,70.59048759429135,2.0,9.0
b'ATAAACAAAAGATGTTTGTTATCTCATGGGTTCTAGAAAC',chr8_129570101_129575101_5kb_pb_3309,0.3,69.0,24.0,3309,0,chromosome 8:130343096-130348096,0.0,70.12161537537412,2.0,13.0
b'TCTCTGTGCCTCTTTCTATTGTCTTCTCTCTATGCCTCTA',chr8_129570101_129575101_5kb_pb_3453,0.425,86.0,24.0,3453,0,chromosome 8:130343096-130348096,0.0,74.8943578222055,3.0,19.0
b'CCTTTTTATAAGGACAACGGTCATATTGTAGGGCCCACTC',chr8_129570101_129575101_5kb_pb_3506,0.45,70.0,24.0,3506,0,chromosome 8:130343096-130348096,0.0,77.8813389328003,5.0,18.0
b'TAATGATAACACTAACTTGATTACCGCTATAAAGACCTAT',chr8_129570101_129575101_5kb_pb_3546,0.3,29.0,24.0,3546,0,chromosome 8:130343096-130348096,1.0,70.92451216010897,0.0,1.0
b'ATTCTGAGGCACTGGGTGTTAGGAATTTCACATATGAACT',chr8_129570101_129575101_5kb_pb_3603,0.4,51.0,24.0,3603,0,chromosome 8:130343096-130348096,0.0,75.6990688295237,0.0,8.0
b'TTCAACTCATAACAATGAATAAAGTCTCCAAAACTCTGTG',chr8_129570101_129575101_5kb_pb_3660,0.325,95.0,24.0,3660,0,chromosome 8:130343096-130348096,0.0,70.5975405957617,3.0,17.0
b'CTTCTACTTTCTCCATTTGTTAGACTTATTCTAGAACAGC',chr8_129570101_129575101_5kb_pb_3711,0.35,62.0,24.0,3711,0,chromosome 8:130343096-130348096,0.0,70.58358006506631,3.0,10.0
b'ATTATTTTCTGTCTTAGCTCTTTAATATGCTAGCCTGTAG',chr8_129570101_129575101_5kb_pb_3782,0.325,58.0,24.0,3782,0,chromosome 8:130343096-130348096,2.0,70.99256561012095,2.0,18.0
b'AGCCATTCATTTGAAATGTGGTTACTGTGGCCCCCAAAAC',chr8_129570101_129575101_5kb_pb_3829,0.45,89.0,24.0,3829,0,chromosome 8:130343096-130348096,2.0,79.45786322270192,5.0,13.0
b'AGTGGCTACCACAGTGGGTTTCACAGTCCTAAATGTTGGG',chr8_129570101_129575101_5kb_pb_3934,0.5,45.0,24.0,3934,0,chromosome 8:130343096-130348096,2.0,80.73242497278784,4.0,10.0
b'AGATTGGGCCAAATTACTCATCAAAAGTAAATAGTTTACA',chr8_129570101_129575101_5kb_pb_3974,0.3,34.0,24.0,3974,0,chromosome 8:130343096-130348096,2.0,71.71691174708013,2.0,3.0
b'TTGGAATAACATATCCAATGTGAATTCAGATTTGCATGGT',chr8_129570101_129575101_5kb_pb_4024,0.325,37.0,24.0,4024,0,chromosome 8:130343096-130348096,2.0,72.65401282157757,0.0,3.0
b'ACATATATTCCTCAAAGAGATAAGAATTAGATAAGGCAGA',chr8_129570101_129575101_5kb_pb_4091,0.3,81.0,24.0,4091,0,chromosome 8:130343096-130348096,0.0,70.01027004298288,5.0,18.0
b'AAATGGAGGTTGCAAAGCTACAACCCATAAGAGCCAGGTG',chr8_129570101_129575101_5kb_pb_4131,0.475,33.0,24.0,4131,0,chromosome 8:130343096-130348096,0.0,79.7964649796096,0.0,0.0
b'GTAACATATGCAGAGGCAATGACTTGGAAGGGAGAACTGA',chr8_129570101_129575101_5kb_pb_4171,0.45,39.0,24.0,4171,0,chromosome 8:130343096-130348096,2.0,77.01312765156274,0.0,5.0
b'TATACCAGCTGTGTTAAATGGCAGCAATTGGGCTCCAGTC',chr8_129570101_129575101_5kb_pb_4211,0.475,52.0,24.0,4211,0,chromosome 8:130343096-130348096,0.0,79.60539892117151,1.0,12.0
b'CAGCAAAATGTTAGCTAAAAGGAGGTAGTTCCAGTATTGT',chr8_129570101_129575101_5kb_pb_4251,0.375,40.0,24.0,4251,0,chromosome 8:130343096-130348096,0.0,74.1637413125236,2.0,6.0
b'TCCATGAAAAGCTGGAAATCTAGACTTTCATATGGAAACT',chr8_129570101_129575101_5kb_pb_4306,0.35,64.0,24.0,4306,0,chromosome 8:130343096-130348096,0.0,72.97189768701202,5.0,15.0
b'TGATTTGATAGTCTCCATGAGCAGTTTAAATCTGGTTAAA',chr8_129570101_129575101_5kb_pb_4368,0.325,34.0,24.0,4368,0,chromosome 8:130343096-130348096,2.0,71.79089184645602,0.0,3.0
b'CACCAACAAAACATCCCATTGGCTGGAAATAGATTTGAGA',chr8_129570101_129575101_5kb_pb_4408,0.4,50.0,24.0,4408,0,chromosome 8:130343096-130348096,1.0,75.75669361761669,3.0,8.0
b'AACTTCACAAAAACTTCCTTAGAAGAATTTTCCTTGATCC',chr8_129570101_129575101_5kb_pb_4498,0.325,57.0,24.0,4498,0,chromosome 8:130343096-130348096,2.0,71.31869106761076,1.0,8.0
b'AGAACTCTTGGAAAACATCAAGTGTAAATAATATACCTGA',chr8_129570101_129575101_5kb_pb_4555,0.3,61.0,24.0,4555,0,chromosome 8:130343096-130348096,1.0,70.55480420298659,5.0,11.0
b'TGTGAATTTTACTTCCAGAAACTTCTAACACCTGCACTAG',chr8_129570101_129575101_5kb_pb_4664,0.375,77.0,24.0,4664,0,chromosome 8:130343096-130348096,2.0,73.33419182923956,4.0,10.0
b'GCTGTGATGTTCCCAGGACTGACAGATGTGTTCCTGTCTC',chr8_129570101_129575101_5kb_pb_4704,0.525,39.0,24.0,4704,0,chromosome 8:130343096-130348096,0.0,78.7318769273295,4.0,13.0
b'TCTTTTCTCATCAATTCAATTTAGAGAGCAAAAAAGAGGA',chr8_129570101_129575101_5kb_pb_4747,0.3,61.0,24.0,4747,0,chromosome 8:130343096-130348096,2.0,70.04217277822795,3.0,10.0
b'GCCGACAGAAGGAAGATTGGTAATTGCCAGCTTTGCAGAT',chr8_129570101_129575101_5kb_pb_4787,0.475,35.0,24.0,4787,0,chromosome 8:130343096-130348096,0.0,78.92746659328498,2.0,3.0
b'TGACATACAGAGCTTCTCTTAAAAGACAGAGGATAAGAAG',chr8_129570101_129575101_5kb_pb_4842,0.375,54.0,24.0,4842,0,chromosome 8:130343096-130348096,0.0,71.86721587176879,5.0,11.0
